10.jpg 0 0.661293 0.559332 0.261272 0.028802
10.jpg 1 0.658859 0.634217 0.146052 0.031106
10.jpg 2 0.657236 0.671659 0.331052 0.032258
10.jpg 3 0.422741 0.711406 0.092500 0.024194
10.jpg 4 0.723771 0.711982 0.207719 0.029954
10.jpg 5 0.674276 0.749424 0.206096 0.028802
10.jpg 6 0.569605 0.127880 0.652368 0.103687
10.jpg 7 0.288048 0.206221 0.193114 0.027650
10.jpg 8 0.624780 0.205645 0.139561 0.026498
10.jpg 9 0.953398 0.240783 0.040570 0.228111
10.jpg 9 0.954209 0.738479 0.038947 0.221198
11.jpg 0 0.545882 0.578750 0.122762 0.032500
11.jpg 1 0.544246 0.653750 0.184962 0.027500
11.jpg 2 0.534425 0.688125 0.230793 0.033750
11.jpg 3 0.383018 0.721250 0.075294 0.022500
11.jpg 4 0.638363 0.730625 0.193146 0.026250
11.jpg 5 0.557340 0.797500 0.332276 0.105000
11.jpg 6 0.482864 0.155000 0.726752 0.105000
11.jpg 7 0.297084 0.220625 0.204604 0.033750
11.jpg 8 0.632634 0.232500 0.148951 0.032500
11.jpg 9 0.887161 0.282500 0.058926 0.220000
11.jpg 9 0.859335 0.749375 0.042558 0.223750
12.jpg 0 0.555077 0.643750 0.208262 0.040000
12.jpg 1 0.539587 0.710000 0.163511 0.037500
12.jpg 2 0.567126 0.745625 0.222031 0.028750
12.jpg 3 0.439759 0.776250 0.084337 0.035000
12.jpg 4 0.754733 0.778125 0.204819 0.033750
12.jpg 5 0.548193 0.828750 0.321859 0.070000
12.jpg 6 0.502582 0.206875 0.526678 0.106250
12.jpg 7 0.314114 0.285625 0.208262 0.043750
12.jpg 8 0.657487 0.280000 0.168675 0.035000
12.jpg 9 0.944062 0.313125 0.056799 0.221250
12.jpg 9 0.940620 0.784375 0.060241 0.223750
12.jpg 10 0.521515 0.962500 0.870912 0.037500
13.jpg 10 0.476991 0.875625 0.780531 0.031250
13.jpg 10 0.476106 0.909375 0.782301 0.036250
13.jpg 9 0.844248 0.732500 0.056637 0.205000
13.jpg 9 0.857522 0.339375 0.040708 0.206250
13.jpg 8 0.609735 0.308750 0.146903 0.030000
13.jpg 7 0.300000 0.308750 0.185841 0.027500
13.jpg 6 0.498230 0.234375 0.677876 0.111250
13.jpg 5 0.541593 0.750625 0.276106 0.026250
13.jpg 4 0.651327 0.724375 0.191150 0.023750
13.jpg 3 0.415044 0.722500 0.083186 0.027500
13.jpg 2 0.545133 0.690625 0.230088 0.028750
13.jpg 1 0.546903 0.659375 0.123894 0.026250
13.jpg 0 0.552212 0.598750 0.159292 0.035000
14.jpg 9 0.936862 0.241250 0.050641 0.235000
14.jpg 9 0.949959 0.741250 0.066357 0.235000
14.jpg 8 0.640000 0.217500 0.162401 0.027500
14.jpg 7 0.261064 0.218125 0.221774 0.023750
14.jpg 6 0.529986 0.141875 0.494188 0.103750
14.jpg 5 0.599836 0.755625 0.350996 0.041250
14.jpg 4 0.699372 0.718750 0.235744 0.027500
14.jpg 3 0.408622 0.716250 0.094297 0.027500
14.jpg 2 0.592851 0.676875 0.193834 0.023750
14.jpg 1 0.590232 0.636875 0.157162 0.033750
14.jpg 0 0.599836 0.563750 0.218281 0.042500
15.jpg 9 0.883366 0.291250 0.041945 0.197500
15.jpg 9 0.855682 0.712500 0.033556 0.202500
15.jpg 8 0.718941 0.274375 0.115769 0.041250
15.jpg 7 0.354856 0.259375 0.132547 0.041250
15.jpg 6 0.527670 0.190000 0.625822 0.112500
15.jpg 5 0.599816 0.735000 0.313750 0.072500
15.jpg 4 0.649311 0.685625 0.140936 0.033750
15.jpg 3 0.442941 0.677500 0.070468 0.035000
15.jpg 2 0.587233 0.651250 0.187914 0.035000
15.jpg 1 0.582199 0.618750 0.164425 0.037500
15.jpg 0 0.583877 0.551875 0.120802 0.041250
16.jpg 9 0.942731 0.253750 0.068812 0.245000
16.jpg 9 0.937570 0.747500 0.068813 0.247500
16.jpg 8 0.623613 0.232500 0.135905 0.037500
16.jpg 7 0.289873 0.226250 0.180633 0.037500
16.jpg 6 0.580605 0.141250 0.524695 0.115000
16.jpg 5 0.546199 0.779375 0.242564 0.048750
16.jpg 4 0.700167 0.733750 0.175472 0.037500
16.jpg 3 0.419756 0.729375 0.075694 0.033750
16.jpg 2 0.578025 0.689375 0.285572 0.038750
16.jpg 1 0.511793 0.646875 0.159989 0.036250
16.jpg 0 0.527276 0.588750 0.170311 0.040000
17.jpg 10 0.507500 0.904375 0.848333 0.041250
17.jpg 10 0.511667 0.948750 0.850000 0.042500
17.jpg 9 0.938333 0.256250 0.063333 0.240000
17.jpg 9 0.919167 0.739375 0.055000 0.231250
17.jpg 8 0.755833 0.230000 0.151667 0.042500
17.jpg 7 0.302500 0.225000 0.211667 0.045000
17.jpg 6 0.530833 0.125000 0.748333 0.092500
17.jpg 5 0.662500 0.762500 0.331667 0.047500
17.jpg 4 0.732500 0.723750 0.215000 0.032500
17.jpg 3 0.432500 0.723125 0.081667 0.041250
17.jpg 2 0.673333 0.688125 0.230000 0.041250
17.jpg 1 0.665000 0.650625 0.166667 0.041250
17.jpg 0 0.682500 0.584375 0.168333 0.043750
18.jpg 9 0.911210 0.434660 0.062500 0.435360
18.jpg 0 0.565476 0.109190 0.158730 0.055995
18.jpg 1 0.553075 0.257576 0.167659 0.050395
18.jpg 2 0.552579 0.327570 0.242063 0.055995
18.jpg 3 0.418651 0.397564 0.085317 0.061594
18.jpg 4 0.652778 0.394764 0.164683 0.050395
18.jpg 5 0.560516 0.465457 0.242063 0.060194
19.jpg 9 0.865746 0.705625 0.060817 0.206250
19.jpg 9 0.869324 0.294375 0.042930 0.196250
19.jpg 8 0.656465 0.275625 0.096592 0.031250
19.jpg 7 0.333599 0.275625 0.137732 0.023750
19.jpg 6 0.476697 0.203125 0.491901 0.096250
19.jpg 5 0.540197 0.755000 0.275465 0.090000
19.jpg 4 0.640366 0.691250 0.125211 0.022500
19.jpg 3 0.429296 0.693750 0.078704 0.022500
19.jpg 2 0.554507 0.662500 0.200338 0.025000
19.jpg 1 0.557190 0.630625 0.166352 0.028750
19.jpg 0 0.563451 0.570000 0.146676 0.030000
2.jpg 9 0.930649 0.259934 0.076063 0.231788
2.jpg 9 0.926174 0.739238 0.053691 0.233444
2.jpg 8 0.648770 0.231788 0.156600 0.043046
2.jpg 7 0.296421 0.227649 0.203579 0.034768
2.jpg 6 0.544743 0.149834 0.682327 0.110927
2.jpg 5 0.615213 0.776490 0.429530 0.069536
2.jpg 4 0.681208 0.725993 0.217002 0.031457
2.jpg 3 0.408277 0.725993 0.087248 0.031457
2.jpg 2 0.581655 0.691225 0.277405 0.038079
2.jpg 1 0.565996 0.653146 0.134228 0.038079
2.jpg 0 0.570470 0.586093 0.183445 0.043046
20.jpg 10 0.558008 0.886875 0.767646 0.038750
20.jpg 10 0.561090 0.931250 0.770729 0.042500
20.jpg 9 0.920250 0.719375 0.058575 0.223750
20.jpg 9 0.923333 0.264375 0.049327 0.228750
20.jpg 8 0.788455 0.228750 0.140273 0.025000
20.jpg 7 0.386906 0.224375 0.169560 0.026250
20.jpg 6 0.573422 0.137500 0.554925 0.117500
20.jpg 5 0.579588 0.753750 0.215804 0.047500
20.jpg 4 0.720631 0.713125 0.201931 0.031250
20.jpg 3 0.504057 0.713125 0.070907 0.028750
20.jpg 2 0.579588 0.684375 0.154146 0.028750
20.jpg 1 0.584983 0.648125 0.171102 0.028750
20.jpg 0 0.587295 0.584375 0.166477 0.041250
21.jpg 9 0.912941 0.703151 0.065882 0.212272
21.jpg 9 0.914118 0.253731 0.058824 0.205638
21.jpg 8 0.623529 0.230514 0.117647 0.046434
21.jpg 7 0.303529 0.237148 0.150588 0.039801
21.jpg 6 0.443529 0.156716 0.595294 0.094527
21.jpg 5 0.512941 0.731343 0.183529 0.046434
21.jpg 4 0.662353 0.694030 0.143529 0.034826
21.jpg 3 0.432941 0.695688 0.080000 0.038143
21.jpg 2 0.501176 0.665008 0.155294 0.029851
21.jpg 1 0.474118 0.633499 0.087059 0.029851
21.jpg 0 0.511765 0.571310 0.134118 0.038143
22.jpg 10 0.587302 0.846734 0.386905 0.031386
22.jpg 10 0.589286 0.883578 0.386905 0.028657
22.jpg 9 0.773313 0.701404 0.028770 0.201961
22.jpg 9 0.777778 0.309082 0.027778 0.195138
22.jpg 8 0.654762 0.268826 0.069444 0.027292
22.jpg 7 0.501488 0.268144 0.094246 0.025927
22.jpg 6 0.595734 0.206737 0.332341 0.094157
22.jpg 5 0.634425 0.752576 0.177579 0.091428
22.jpg 4 0.674107 0.691852 0.098214 0.024563
22.jpg 3 0.555060 0.690487 0.040675 0.030021
22.jpg 2 0.622520 0.659784 0.112103 0.034115
22.jpg 1 0.623016 0.630445 0.047619 0.019104
22.jpg 0 0.626488 0.564262 0.096230 0.028657
23.jpg 10 0.510714 0.940000 0.711020 0.042500
23.jpg 10 0.511378 0.895000 0.720306 0.040000
23.jpg 9 0.858265 0.706875 0.061020 0.261250
23.jpg 9 0.829745 0.225625 0.049082 0.231250
23.jpg 8 0.660612 0.198750 0.124694 0.030000
23.jpg 7 0.343571 0.196875 0.153878 0.021250
23.jpg 6 0.507398 0.120000 0.569082 0.107500
23.jpg 5 0.577041 0.743750 0.281224 0.037500
23.jpg 4 0.680510 0.707500 0.175102 0.030000
23.jpg 3 0.460969 0.705000 0.072959 0.030000
23.jpg 2 0.626786 0.671250 0.163163 0.030000
23.jpg 1 0.632755 0.632500 0.119388 0.030000
23.jpg 0 0.628112 0.555625 0.197653 0.036250
24.jpg 10 0.495312 0.931250 0.796875 0.035000
24.jpg 10 0.497656 0.968125 0.795312 0.031250
24.jpg 9 0.924219 0.738125 0.051562 0.231250
24.jpg 9 0.934375 0.233125 0.046875 0.228750
24.jpg 8 0.635938 0.199375 0.146875 0.031250
24.jpg 7 0.295312 0.200000 0.206250 0.037500
24.jpg 6 0.535156 0.112500 0.526563 0.120000
24.jpg 5 0.610156 0.776875 0.323437 0.028750
24.jpg 4 0.685937 0.741875 0.209375 0.026250
24.jpg 3 0.424219 0.740625 0.085938 0.033750
24.jpg 2 0.639844 0.702500 0.220312 0.032500
24.jpg 1 0.627344 0.665000 0.132812 0.027500
24.jpg 0 0.642969 0.622500 0.448437 0.032500
25.jpg 9 0.932342 0.846250 0.061015 0.260000
25.jpg 9 0.939039 0.296875 0.050598 0.266250
25.jpg 8 0.655541 0.256250 0.153282 0.037500
25.jpg 7 0.287218 0.253750 0.217274 0.040000
25.jpg 6 0.549137 0.166875 0.505980 0.133750
25.jpg 5 0.648845 0.885625 0.395855 0.038750
25.jpg 4 0.704651 0.845000 0.221738 0.032500
25.jpg 3 0.430083 0.847500 0.092267 0.032500
25.jpg 2 0.677864 0.798125 0.191975 0.033750
25.jpg 1 0.689769 0.758125 0.156258 0.031250
25.jpg 0 0.680840 0.666875 0.197927 0.043750
26.jpg 9 0.931734 0.736250 0.057311 0.237500
26.jpg 9 0.949100 0.245625 0.053837 0.228750
26.jpg 8 0.667757 0.201875 0.161512 0.028750
26.jpg 7 0.299579 0.200000 0.217086 0.030000
26.jpg 6 0.547057 0.126250 0.517533 0.100000
26.jpg 5 0.593948 0.761875 0.305657 0.036250
26.jpg 4 0.715516 0.721875 0.222296 0.031250
26.jpg 3 0.432436 0.723125 0.097255 0.036250
26.jpg 2 0.593079 0.683125 0.251820 0.031250
26.jpg 1 0.605236 0.642500 0.210139 0.035000
26.jpg 0 0.592211 0.570000 0.191036 0.035000
27.jpg 10 0.525000 0.908125 0.723333 0.036250
27.jpg 10 0.529167 0.870000 0.718333 0.040000
27.jpg 9 0.867500 0.727500 0.058333 0.197500
27.jpg 9 0.872500 0.334375 0.045000 0.198750
27.jpg 7 0.380833 0.300000 0.175000 0.025000
27.jpg 8 0.731667 0.300625 0.136667 0.026250
27.jpg 6 0.534167 0.238750 0.621667 0.095000
27.jpg 5 0.660833 0.757500 0.221667 0.037500
27.jpg 4 0.731667 0.723750 0.176667 0.022500
27.jpg 3 0.470833 0.723125 0.071667 0.031250
27.jpg 2 0.660000 0.698750 0.193333 0.027500
27.jpg 1 0.662500 0.666250 0.141667 0.027500
27.jpg 0 0.654167 0.606875 0.145000 0.033750
28.jpg 10 0.356292 0.869375 0.553689 0.031250
28.jpg 10 0.355681 0.901875 0.547578 0.028750
28.jpg 9 0.608081 0.722500 0.047669 0.197500
28.jpg 9 0.597691 0.318750 0.044002 0.195000
28.jpg 8 0.482798 0.296875 0.095337 0.036250
28.jpg 7 0.221842 0.304375 0.125894 0.033750
28.jpg 6 0.365459 0.224375 0.391127 0.066250
28.jpg 5 0.417406 0.758125 0.157673 0.028750
28.jpg 4 0.458352 0.722500 0.139339 0.020000
28.jpg 3 0.304957 0.730000 0.062336 0.030000
28.jpg 2 0.443074 0.695000 0.189452 0.030000
28.jpg 1 0.437574 0.667500 0.114894 0.025000
28.jpg 0 0.443074 0.605625 0.094115 0.036250
29.jpg 9 0.883533 0.703125 0.068803 0.218750
29.jpg 9 0.859200 0.260000 0.077194 0.212500
29.jpg 8 0.602447 0.226250 0.154387 0.030000
29.jpg 7 0.284442 0.240000 0.192984 0.030000
29.jpg 6 0.500920 0.159375 0.407784 0.101250
29.jpg 5 0.583148 0.733750 0.323878 0.027500
29.jpg 4 0.688870 0.693750 0.199697 0.030000
29.jpg 3 0.432956 0.706250 0.093975 0.025000
29.jpg 2 0.583987 0.661875 0.177881 0.023750
29.jpg 1 0.573080 0.628750 0.145997 0.032500
29.jpg 0 0.580631 0.556250 0.110756 0.037500
3.jpg 9 0.765833 0.704375 0.061667 0.188750
3.jpg 9 0.785833 0.345000 0.061667 0.192500
3.jpg 8 0.581667 0.324375 0.116667 0.036250
3.jpg 7 0.317500 0.314375 0.155000 0.041250
3.jpg 6 0.469167 0.249375 0.421667 0.108750
3.jpg 5 0.500000 0.747500 0.286667 0.070000
3.jpg 4 0.595000 0.695000 0.166667 0.025000
3.jpg 3 0.403333 0.693750 0.070000 0.032500
3.jpg 2 0.498333 0.664375 0.166667 0.026250
3.jpg 1 0.428333 0.635625 0.066667 0.028750
3.jpg 0 0.462500 0.580625 0.095000 0.038750
30.jpg 9 0.949071 0.722500 0.082528 0.230000
30.jpg 9 0.942047 0.258125 0.061457 0.231250
30.jpg 8 0.681294 0.238750 0.172080 0.040000
30.jpg 7 0.292360 0.235625 0.205442 0.033750
30.jpg 6 0.481998 0.159375 0.612814 0.108750
30.jpg 5 0.617204 0.789375 0.430199 0.106250
30.jpg 4 0.694464 0.710000 0.223001 0.035000
30.jpg 3 0.421419 0.713750 0.087796 0.030000
30.jpg 2 0.553991 0.676875 0.215977 0.031250
30.jpg 1 0.542577 0.645000 0.179103 0.030000
30.jpg 0 0.559258 0.566875 0.223001 0.041250
31.jpg 9 0.897750 0.725625 0.080500 0.233750
31.jpg 9 0.911750 0.241875 0.070000 0.223750
31.jpg 8 0.684250 0.216250 0.182000 0.040000
31.jpg 7 0.289625 0.218125 0.218750 0.031250
31.jpg 6 0.515375 0.133750 0.652750 0.110000
31.jpg 5 0.627375 0.776875 0.320250 0.096250
31.jpg 4 0.685125 0.701875 0.225750 0.041250
31.jpg 3 0.421750 0.706250 0.094500 0.035000
31.jpg 2 0.644875 0.660625 0.134750 0.031250
31.jpg 1 0.635250 0.616250 0.199500 0.045000
31.jpg 0 0.628250 0.552500 0.126000 0.047500
32.jpg 0 0.660314 0.586634 0.132287 0.031353
32.jpg 1 0.668161 0.656766 0.192825 0.023102
32.jpg 2 0.668161 0.692244 0.260090 0.031353
32.jpg 3 0.457399 0.729373 0.076233 0.029703
32.jpg 4 0.692825 0.731023 0.210762 0.029703
32.jpg 5 0.561659 0.765677 0.248879 0.029703
32.jpg 6 0.543722 0.165017 0.526906 0.108911
32.jpg 7 0.298206 0.238449 0.201794 0.031353
32.jpg 8 0.708520 0.236799 0.152466 0.024752
32.jpg 9 0.921525 0.263201 0.040359 0.229373
32.jpg 9 0.921525 0.741749 0.044843 0.226073
33.jpg 9 0.912205 0.722500 0.043698 0.205000
33.jpg 9 0.915846 0.265625 0.036415 0.208750
33.jpg 8 0.715562 0.237500 0.116529 0.027500
33.jpg 7 0.294054 0.235625 0.151124 0.023750
33.jpg 6 0.473400 0.166250 0.433343 0.097500
33.jpg 5 0.563528 0.755625 0.234879 0.056250
33.jpg 4 0.650925 0.705625 0.154765 0.023750
33.jpg 3 0.423329 0.705000 0.085576 0.027500
33.jpg 2 0.558976 0.668750 0.258549 0.025000
33.jpg 1 0.558065 0.636250 0.114708 0.020000
33.jpg 0 0.559886 0.566250 0.169331 0.027500
34.jpg 9 0.904462 0.729375 0.059252 0.226250
34.jpg 9 0.915789 0.253750 0.060995 0.225000
34.jpg 8 0.674425 0.226250 0.156843 0.017500
34.jpg 7 0.302359 0.223125 0.228294 0.026250
34.jpg 6 0.504512 0.148750 0.503641 0.110000
34.jpg 5 0.637828 0.743750 0.446131 0.035000
34.jpg 4 0.696209 0.710000 0.235265 0.030000
34.jpg 3 0.433932 0.702500 0.090620 0.035000
34.jpg 2 0.641314 0.671250 0.240493 0.035000
34.jpg 1 0.639571 0.633750 0.121989 0.027500
34.jpg 0 0.636957 0.563125 0.148130 0.036250
35.jpg 9 0.962591 0.798050 0.052920 0.247911
35.jpg 9 0.964416 0.269499 0.052920 0.263231
35.jpg 8 0.661496 0.221448 0.158759 0.036212
35.jpg 7 0.285584 0.222145 0.206204 0.034819
35.jpg 6 0.542883 0.121866 0.662409 0.076602
35.jpg 5 0.664234 0.829387 0.328467 0.037604
35.jpg 4 0.710766 0.782033 0.209854 0.026462
35.jpg 3 0.432482 0.782730 0.113139 0.036212
35.jpg 2 0.592153 0.741643 0.231752 0.032033
35.jpg 1 0.577555 0.699164 0.195255 0.041783
35.jpg 0 0.583029 0.616295 0.220803 0.045961
36.jpg 9 0.760528 0.645625 0.050603 0.216250
36.jpg 9 0.762760 0.226875 0.046138 0.221250
36.jpg 8 0.567791 0.200625 0.147343 0.028750
36.jpg 7 0.263431 0.202500 0.172644 0.032500
36.jpg 6 0.426402 0.133125 0.358683 0.098750
36.jpg 5 0.541002 0.686875 0.191992 0.033750
36.jpg 4 0.587883 0.651250 0.181574 0.032500
36.jpg 3 0.370590 0.653125 0.080369 0.033750
36.jpg 2 0.543978 0.620000 0.239618 0.030000
36.jpg 1 0.546955 0.581875 0.147343 0.036250
36.jpg 0 0.538025 0.520000 0.212829 0.037500
37.jpg 10 0.517500 0.803670 0.895000 0.066055
37.jpg 10 0.526875 0.868807 0.903750 0.056881
37.jpg 9 0.917500 0.452294 0.097500 0.460550
37.jpg 5 0.606875 0.519266 0.266250 0.051376
37.jpg 4 0.706875 0.441284 0.216250 0.071560
37.jpg 3 0.420000 0.455963 0.077500 0.045872
37.jpg 2 0.608125 0.375229 0.223750 0.056881
37.jpg 1 0.596875 0.294495 0.126250 0.056881
37.jpg 0 0.590625 0.154128 0.138750 0.066055
38.jpg 9 0.830075 0.657500 0.033083 0.162500
38.jpg 9 0.858647 0.368125 0.024060 0.158750
38.jpg 8 0.721053 0.344375 0.094737 0.028750
38.jpg 7 0.527068 0.333750 0.109774 0.045000
38.jpg 6 0.642857 0.264375 0.296241 0.063750
38.jpg 5 0.691729 0.662500 0.156391 0.045000
38.jpg 4 0.739098 0.643750 0.109774 0.035000
38.jpg 3 0.572180 0.634375 0.052632 0.031250
38.jpg 2 0.706015 0.622500 0.206015 0.042500
38.jpg 1 0.708271 0.596875 0.183459 0.036250
38.jpg 0 0.716541 0.552500 0.067669 0.040000
39.jpg 9 0.939242 0.735625 0.049659 0.241250
39.jpg 9 0.946091 0.257500 0.059933 0.247500
39.jpg 8 0.670398 0.240000 0.148977 0.037500
39.jpg 7 0.320216 0.231875 0.212335 0.041250
39.jpg 6 0.526558 0.156250 0.522277 0.132500
39.jpg 5 0.690946 0.788750 0.422958 0.110000
39.jpg 4 0.697796 0.709375 0.227747 0.036250
39.jpg 3 0.438370 0.705625 0.089044 0.031250
39.jpg 2 0.702077 0.671875 0.219185 0.026250
39.jpg 1 0.672966 0.631875 0.174663 0.033750
39.jpg 0 0.712351 0.561250 0.154114 0.027500
4.jpg 9 0.887742 0.702500 0.075699 0.225000
4.jpg 9 0.887742 0.288125 0.061935 0.221250
4.jpg 8 0.664946 0.260625 0.125591 0.036250
4.jpg 7 0.307957 0.260625 0.161720 0.018750
4.jpg 6 0.529032 0.185000 0.335484 0.100000
4.jpg 5 0.640860 0.739375 0.215054 0.031250
4.jpg 4 0.716559 0.702500 0.180645 0.030000
4.jpg 3 0.430108 0.707500 0.089462 0.027500
4.jpg 2 0.638280 0.673750 0.147957 0.027500
4.jpg 1 0.636559 0.641875 0.123871 0.026250
4.jpg 0 0.634839 0.576250 0.120430 0.035000
40.jpg 10 0.501667 0.892500 0.766667 0.035000
40.jpg 10 0.498333 0.925000 0.776667 0.035000
40.jpg 9 0.861667 0.729375 0.066667 0.206250
40.jpg 9 0.858333 0.300000 0.056667 0.232500
40.jpg 8 0.705000 0.270000 0.150000 0.030000
40.jpg 7 0.305000 0.277500 0.200000 0.022500
40.jpg 6 0.496667 0.201875 0.493333 0.106250
40.jpg 5 0.639167 0.798125 0.345000 0.086250
40.jpg 4 0.711667 0.732500 0.186667 0.022500
40.jpg 3 0.435833 0.741250 0.078333 0.030000
40.jpg 2 0.648333 0.703750 0.196667 0.025000
40.jpg 1 0.649167 0.670000 0.148333 0.030000
40.jpg 0 0.642500 0.609375 0.158333 0.031250
41.jpg 9 0.921102 0.736875 0.078281 0.238750
41.jpg 9 0.928930 0.238750 0.066104 0.235000
41.jpg 8 0.703656 0.220625 0.161780 0.031250
41.jpg 7 0.267024 0.223125 0.217446 0.018750
41.jpg 6 0.478382 0.140625 0.626245 0.111250
41.jpg 5 0.650599 0.753125 0.260935 0.038750
41.jpg 4 0.670604 0.715625 0.227884 0.038750
41.jpg 3 0.400971 0.717500 0.088718 0.037500
41.jpg 2 0.643641 0.677500 0.236581 0.030000
41.jpg 1 0.634073 0.638750 0.140905 0.032500
41.jpg 0 0.634073 0.568125 0.161780 0.046250
42.jpg 10 0.503406 0.875000 0.759281 0.032500
42.jpg 10 0.508273 0.923125 0.749547 0.038750
42.jpg 9 0.823945 0.244375 0.045891 0.226250
42.jpg 9 0.853148 0.705000 0.070922 0.237500
42.jpg 8 0.664719 0.218750 0.127937 0.022500
42.jpg 7 0.337227 0.233750 0.159922 0.035000
42.jpg 6 0.483242 0.150000 0.632734 0.120000
42.jpg 5 0.617437 0.746250 0.203031 0.050000
42.jpg 4 0.691141 0.705000 0.189125 0.035000
42.jpg 3 0.444305 0.702500 0.073703 0.040000
42.jpg 2 0.632039 0.666250 0.184953 0.037500
42.jpg 1 0.634820 0.627500 0.098734 0.037500
42.jpg 0 0.636906 0.568750 0.194687 0.040000
43.jpg 9 0.906780 0.711250 0.064407 0.240000
43.jpg 9 0.914407 0.251250 0.066102 0.217500
43.jpg 8 0.645763 0.209375 0.152542 0.031250
43.jpg 7 0.307627 0.208750 0.201695 0.037500
43.jpg 6 0.546610 0.125000 0.618644 0.117500
43.jpg 5 0.622881 0.759375 0.398305 0.078750
43.jpg 4 0.695763 0.701875 0.201695 0.036250
43.jpg 3 0.435593 0.702500 0.088136 0.037500
43.jpg 2 0.594915 0.656875 0.183051 0.043750
43.jpg 1 0.584746 0.615000 0.094915 0.042500
43.jpg 0 0.574576 0.538125 0.186441 0.036250
44.jpg 9 0.882164 0.735625 0.038684 0.231250
44.jpg 9 0.898983 0.266250 0.052139 0.222500
44.jpg 8 0.639127 0.242500 0.144645 0.045000
44.jpg 7 0.301903 0.232500 0.196784 0.027500
44.jpg 6 0.544099 0.153750 0.593716 0.107500
44.jpg 5 0.566805 0.746250 0.346474 0.080000
44.jpg 4 0.648378 0.692500 0.193420 0.035000
44.jpg 3 0.391886 0.681875 0.087460 0.033750
44.jpg 2 0.534849 0.655625 0.235468 0.043750
44.jpg 1 0.544099 0.615000 0.132871 0.040000
44.jpg 0 0.559236 0.554375 0.196784 0.051250
45.jpg 10 0.515000 0.932665 0.930000 0.028653
45.jpg 10 0.514000 0.892550 0.936000 0.040115
45.jpg 9 0.941000 0.722063 0.090000 0.237822
45.jpg 9 0.940000 0.250000 0.076000 0.236390
45.jpg 8 0.760000 0.207020 0.172000 0.038682
45.jpg 7 0.300000 0.202722 0.208000 0.027221
45.jpg 6 0.507000 0.113897 0.782000 0.141834
45.jpg 5 0.678000 0.759312 0.372000 0.042980
45.jpg 4 0.761000 0.724212 0.230000 0.038682
45.jpg 3 0.433000 0.722063 0.102000 0.042980
45.jpg 2 0.680000 0.684814 0.384000 0.037249
45.jpg 1 0.677000 0.646848 0.130000 0.044413
45.jpg 0 0.679000 0.584527 0.214000 0.054441
46.jpg 10 0.597718 0.876984 0.493056 0.052910
46.jpg 10 0.625496 0.914021 0.443452 0.052910
46.jpg 9 0.835317 0.712302 0.049603 0.231481
46.jpg 9 0.855655 0.256614 0.048611 0.253968
46.jpg 8 0.742560 0.216270 0.106151 0.041005
46.jpg 7 0.496032 0.211640 0.126984 0.039683
46.jpg 6 0.648810 0.097884 0.376984 0.044974
46.jpg 5 0.684028 0.761243 0.197421 0.072751
46.jpg 4 0.729167 0.700397 0.123016 0.035714
46.jpg 3 0.555060 0.703042 0.054563 0.043651
46.jpg 2 0.690476 0.669312 0.126984 0.042328
46.jpg 1 0.686012 0.627646 0.078373 0.033069
46.jpg 0 0.681052 0.561508 0.125992 0.043651
5.jpg 9 0.944167 0.835150 0.075000 0.272480
5.jpg 9 0.947500 0.281335 0.078333 0.273842
5.jpg 8 0.708333 0.243869 0.133333 0.040872
5.jpg 7 0.261667 0.244550 0.143333 0.031335
5.jpg 6 0.549167 0.147139 0.495000 0.128065
5.jpg 5 0.563333 0.858992 0.276667 0.036785
5.jpg 4 0.675833 0.816076 0.138333 0.038147
5.jpg 3 0.433333 0.815395 0.100000 0.039510
5.jpg 2 0.560000 0.771798 0.216667 0.039510
5.jpg 1 0.537500 0.729564 0.198333 0.034060
5.jpg 0 0.528333 0.647820 0.170000 0.047684
6.jpg 9 0.956081 0.742500 0.066060 0.252500
6.jpg 9 0.959652 0.245625 0.058918 0.238750
6.jpg 8 0.655241 0.215625 0.189252 0.038750
6.jpg 7 0.275844 0.217500 0.223175 0.050000
6.jpg 6 0.533834 0.132500 0.792717 0.117500
6.jpg 5 0.616855 0.781250 0.391002 0.057500
6.jpg 4 0.713267 0.730000 0.233887 0.032500
6.jpg 3 0.417783 0.731250 0.103553 0.030000
6.jpg 2 0.592752 0.691875 0.214248 0.028750
6.jpg 1 0.590074 0.658125 0.144617 0.033750
6.jpg 0 0.609713 0.585625 0.201750 0.038750
7.jpg 0 0.547584 0.540625 0.172740 0.028750
7.jpg 1 0.557949 0.614375 0.155466 0.023750
7.jpg 2 0.551039 0.647500 0.255655 0.025000
7.jpg 3 0.392982 0.685000 0.088097 0.025000
7.jpg 5 0.549312 0.721250 0.283293 0.025000
7.jpg 6 0.482807 0.133750 0.779055 0.097500
7.jpg 7 0.249609 0.200000 0.157193 0.032500
7.jpg 9 0.899109 0.168750 0.043185 0.107500
7.jpg 9 0.893927 0.636875 0.053549 0.101250
8.jpg 10 0.467500 0.896875 0.795000 0.036250
8.jpg 10 0.471667 0.930625 0.793333 0.033750
8.jpg 9 0.834167 0.748125 0.078333 0.206250
8.jpg 9 0.824167 0.318750 0.071667 0.202500
8.jpg 8 0.663333 0.300625 0.133333 0.033750
8.jpg 7 0.286667 0.299375 0.196667 0.028750
8.jpg 6 0.460000 0.228125 0.640000 0.096250
8.jpg 5 0.615000 0.774375 0.270000 0.028750
8.jpg 4 0.687500 0.739375 0.185000 0.031250
8.jpg 3 0.412500 0.739375 0.081667 0.033750
8.jpg 2 0.618333 0.707500 0.223333 0.032500
8.jpg 1 0.620833 0.675000 0.161667 0.025000
8.jpg 0 0.620000 0.614375 0.226667 0.033750
9.jpg 0 0.646634 0.601875 0.141021 0.028750
9.jpg 1 0.637175 0.673750 0.115225 0.027500
9.jpg 2 0.639755 0.709375 0.175417 0.021250
9.jpg 3 0.427363 0.750000 0.077390 0.022500
9.jpg 4 0.673290 0.745000 0.208092 0.027500
9.jpg 5 0.644914 0.782500 0.192614 0.030000
9.jpg 6 0.492714 0.157500 0.596761 0.112500
9.jpg 7 0.285482 0.240000 0.206373 0.025000
9.jpg 8 0.654373 0.233750 0.166818 0.027500
9.jpg 9 0.915778 0.270625 0.053313 0.228750
9.jpg 9 0.922657 0.746250 0.056752 0.225000
i.jpg 0 0.678193 0.593750 0.229866 0.027500
i.jpg 1 0.684334 0.662500 0.217583 0.025000
i.jpg 2 0.681702 0.700625 0.205300 0.023750
i.jpg 3 0.432534 0.731875 0.092999 0.026250
i.jpg 4 0.766805 0.729375 0.224602 0.023750
i.jpg 5 0.681702 0.790625 0.335148 0.061250
i.jpg 6 0.582562 0.130625 0.768560 0.116250
i.jpg 7 0.295668 0.205000 0.215829 0.027500
i.jpg 8 0.777334 0.200000 0.178980 0.027500
i.jpg 9 0.958068 0.243750 0.066679 0.247500
i.jpg 9 0.952804 0.741250 0.045622 0.237500
i.jpg 10 0.511496 0.915000 0.924729 0.030000
i.jpg 10 0.515883 0.957500 0.912446 0.037500
wtkRyESl.jpg 0 0.594531 0.560156 0.145313 0.035937
wtkRyESl.jpg 1 0.605469 0.639844 0.073438 0.029687
wtkRyESl.jpg 2 0.593750 0.680469 0.168750 0.029687
wtkRyESl.jpg 3 0.440625 0.719531 0.065625 0.029687
wtkRyESl.jpg 4 0.646875 0.717969 0.168750 0.026562
wtkRyESl.jpg 5 0.600000 0.778906 0.340625 0.073438
wtkRyESl.jpg 6 0.466406 0.114844 0.560937 0.107813
wtkRyESl.jpg 7 0.339844 0.189844 0.164062 0.045312
wtkRyESl.jpg 8 0.626563 0.192188 0.118750 0.046875
wtkRyESl.jpg 9 0.820312 0.221875 0.037500 0.240625
wtkRyESl.jpg 9 0.816406 0.736719 0.035937 0.239063
